SBER:
2022 03 03 23 00 00 127.16027766 132.35072234 131.12 131.7 130.5 
2022 03 03 22 45 00 127.16027766 132.35072234 131.12 131.7 130.5 
2022 03 03 22 30 00 127.16027766 132.35072234 131.12 131.7 130.5 
2022 03 03 22 15 00 127.16027766 132.35072234 131.12 131.7 130.5 
2022 03 03 22 00 00 127.16027766 132.35072234 131.12 131.7 130.5 
2022 03 03 21 45 00 127.16027766 132.35072234 131.12 131.7 130.5 
2022 03 03 21 30 00 127.16027766 132.35072234 131.12 131.7 130.5 
VTBR:
2022 03 03 23 00 00 0.01999541 0.02029659 0.02011 0.020125 0.020065 
2022 03 03 22 30 00 0.01999541 0.02029659 0.02011 0.020125 0.020065 
2022 03 03 22 15 00 0.01999541 0.02029659 0.02011 0.020125 0.020065 
2022 03 03 22 00 00 0.01999541 0.02029659 0.02011 0.020125 0.020065 
2022 03 03 21 30 00 0.01999541 0.02029659 0.02011 0.020125 0.020065 
ALRS:
2022 03 03 23 00 00 78.68719398 83.42580602 79.6 80.8 79.51 
2022 03 03 22 30 00 78.68719398 83.42580602 79.6 80.8 79.51 
2022 03 03 22 15 00 78.68719398 83.42580602 79.6 80.8 79.51 
2022 03 03 22 00 00 78.68719398 83.42580602 79.6 80.8 79.51 
2022 03 03 21 30 00 78.68719398 83.42580602 79.6 80.8 79.51 
POLY:
2022 03 03 23 00 00 828.03489744 872.64510256 837 841 836.4 
2022 03 03 22 30 00 828.03489744 872.64510256 837 841 836.4 
2022 03 03 22 15 00 828.03489744 872.64510256 837 841 836.4 
2022 03 03 22 00 00 828.03489744 872.64510256 837 841 836.4 
2022 03 03 21 30 00 828.03489744 872.64510256 837 841 836.4 
MTSS:
2022 03 03 22 30 00 213.55278006 235.17721994 217.5 221 217.5 
2022 03 03 22 15 00 213.55278006 235.17721994 217.5 221 217.5 
2022 03 03 22 00 00 213.55278006 235.17721994 217.5 221 217.5 
2022 03 03 21 30 00 213.55278006 235.17721994 217.5 221 217.5 
